123456789012345678901234567890123456789
1234567890123456789012345678901234567890123456789012345678901234567890123456789
1234567890123456789012345678901234567890123456789012345678901234567890123456789
1234567890123456789012345678901234567890123456789012345678901234567890123456789
1234567890123456789012345678901234567890123456789012345678901234567890123456789
1234567890123456789012345678901234567890123456789012345678901234567890123456789
1234567890123456789012345678901234567890123456789012345678901234567890123456789
1234567890123456789012345678901234567890123456789012345678901234567890123456789
1234567890123456789012345678901234567890123456789012345678901234567890123456789
1234567890123456789012345678901234567890123456789012345678901234567890123456789
1234567890123456789012345678901234567890123456789012345678901234567890123456789
1234567890123456789012345678901234567890123456789012345678901234567890123456789
1234567890123456789012345678901234567890123456789012345678901234567890123456789
1234567890123456789012345678901234567890123456789012345678901234567890123456789
1234567890123456789012345678901234567890123456789012345678901234567890123456789
1234567890123456789012345678901234567890123456789012345678901234567890123456789
1234567890123456789012345678901234567890123456789012345678901234567890123456789
1234567890123456789012345678901234567890123456789012345678901234567890123456789
1234567890123456789012345678901234567890123456789012345678901234567890123456789
1234567890123456789012345678901234567890123456789012345678901234567890123456789
1234567890123456789012345678901234567890123456789012345678901234567890123456789
1234567890123456789012345678901234567890123456789012345678901234567890123456789
1234567890123456789012345678901234567890123456789012345678901234567890123456789
1234567890123456789012345678901234567890123456789012345678901234567890123456789
1234567890123456789012345678901234567890123456789012345678901234567890123456789
1234567890123456789012345678901234567890123456789012345678901234567890123456789
1234567890123456789012345678901234567890123456789012345678901234567890123456789
1234567890123456789012345678901234567890123456789012345678901234567890123456789
1234567890123456789012345678901234567890123456789012345678901234567890123456789
1234567890123456789012345678901234567890123456789012345678901234567890123456789
1234567890123456789012345678901234567890123456789012345678901234567890123456789
1234567890123456789012345678901234567890123456789012345678901234567890123456789
1234567890123456789012345678901234567890123456789012345678901234567890123456789
1234567890123456789012345678901234567890123456789012345678901234567890123456789
1234567890123456789012345678901234567890123456789012345678901234567890123456789
1234567890123456789012345678901234567890123456789012345678901234567890123456789
1234567890123456789012345678901234567890123456789012345678901234567890123456789
1234567890123456789012345678901234567890123456789012345678901234567890123456789
1234567890123456789012345678901234567890123456789012345678901234567890123456789
1234567890123456789012345678901234567890123456789012345678901234567890123456789
1234567890123456789012345678901234567890123456789012345678901234567890123456789
1234567890123456789012345678901234567890123456789012345678901234567890123456789
1234567890123456789012345678901234567890123456789012345678901234567890123456789
1234567890123456789012345678901234567890123456789012345678901234567890123456789
1234567890123456789012345678901234567890123456789012345678901234567890123456789
1234567890123456789012345678901234567890123456789012345678901234567890123456789
1234567890123456789012345678901234567890123456789012345678901234567890123456789
1234567890123456789012345678901234567890123456789012345678901234567890123456789
1234567890123456789012345678901234567890123456789012345678901234567890123456789
1234567890123456789012345678901234567890123456789012345678901234567890123456789
1234567890123456789012345678901234567890123456789012345678901234567890123456789
1234567890123456789012345678901234567890123456789012345678901234567890123456789
1234567890123456789012345678901234567890123456789012345678901234567890123456789
1234567890123456789012345678901234567890123456789012345678901234567890123456789
1234567890123456789012345678901234567890123456789012345678901234567890123456789
1234567890123456789012345678901234567890123456789012345678901234567890123456789
1234567890123456789012345678901234567890123456789012345678901234567890123456789
1234567890123456789012345678901234567890123456789012345678901234567890123456789
1234567890123456789012345678901234567890123456789012345678901234567890123456789
1234567890123456789012345678901234567890123456789012345678901234567890123456789
1234567890123456789012345678901234567890123456789012345678901234567890123456789
1234567890123456789012345678901234567890123456789012345678901234567890123456789
1234567890123456789012345678901234567890123456789012345678901234567890123456789
1234567890123456789012345678901234567890123456789012345678901234567890123456789
1234567890123456789012345678901234567890123456789012345678901234567890123456789
1234567890123456789012345678901212345678901234567890123456781234567890123456789
1234567890123456789012345678901234567890123456789012345678901234567890123456789
1234567890123456789012345678901234567890123456789012345678901234567890123456789
1234567890123456789012345678901234567890123456789012345678901234567890123456789
1234567890123456789012345678901234567890123456789012345678901234567890123456789
1234567890123456789012345678901234567890123456789012345678901234567890123456789
1234567890123456789012345678901234567890123456789012345678901234567890123456789
1234567890123456789012345678901234567890123456789012345678901234567890123456789
1234567890123456789012345678901234567890123456789012345678901234567890123456789
1234567890123456789012345678901234567890123456789012345678901234567890123456789
1234567890123456789012345678901234567890123456789012345678901234567890123456789
1234567890123456789012345678901234567890123456789012345678901234567890123456789
1234567890123456789012345678901234567890123456789012345678901234567890123456789
1234567890123456789012345678901234567890123456789012345678901234567890123456789
1234567890123456789012345678901234567890123456789012345678901234567890123456789
1234567890123456789012345678901234567890123456789012345678901234567890123456789
1234567890123456789012345678901234567890123456789012345678901234567890123456789
1234567890123456789012345678901234567890123456789012345678901234567890123456789
1234567890123456789012345678901234567890123456789012345678901234567890123456789
1234567890123456789012345678901234567890123456789012345678901234567890123456789
1234567890123456789012345678901234567890123456789012345678901234567890123456789
1234567890123456789012345678901234567890123456789012345678901234567890123456789
1234567890123456789012345678901234567890123456789012345678901234567890123456789
1234567890123456789012345678901234567890123456789012345678901234567890123456789
1234567890123456789012345678901234567890123456789012345678901234567890123456789
